collider,0,208,0C222A86,0,25,1,4294967295,0,0
collider,0,0,B91A26A9,0,1,13,4294967295,0,0
collider,384,192,320CC8C2,0,13,1,4294967295,0,0
slopel,368,192,6CBC23D5,0,1,1,4294967295,0,0
collider,576,176,AB205DB8,0,1,1,4294967295,0,0
enemy,256,192,B0E4B08B,0,1,1,4294967295,0,0
movingplat,80,144,D367E61F,0,1,1,4294967295,0,1
collider,240,128,7173E901,0,3,1,4294967295,0,0
movingplat,304,96,F2D6C849,0,1,1,4294967295,0,1
collider,320,32,67C955B1,0,2,1,4294967295,0,0
collider,336,144,DD8CC2BC,0,1,1,4294967295,0,0
brick,432,128,9116D6D3,0,1,1,4294967295,0,0
brick,448,128,55303297,0,1,1,4294967295,0,0
brick,464,128,4768499B,0,1,1,4294967295,0,0
brick,480,128,EAEA4913,0,1,1,4294967295,0,0
charm_playertest,128,192,99085CA5,0,1,1,4294967295,0,0
iceblock,592,176,3BBE4582,0,8,1,4294967295,0,0
collider,720,112,E72E2EF1,0,1,5,4294967295,0,0
